       1    -1.99717   0.0231305    0.999278  0.00143072
     1.1    -1.99396    0.041221    0.998445   0.0030626
     1.2    -1.98863   0.0658741    0.997035  0.00568558
     1.3    -1.98027    0.100685    0.994772   0.0100855
     1.4    -1.96811    0.144226    0.991392    0.016771
     1.5    -1.95115    0.196594    0.986516   0.0267468
     1.6    -1.92822    0.260824    0.979616   0.0427658
     1.7     -1.8983    0.340607    0.970118   0.0691591
     1.8    -1.85928    0.439331    0.956866    0.112226
     1.9    -1.80961    0.559065    0.938367    0.197181
       2    -1.74561    0.724479    0.911356    0.382871
     2.1    -1.66216    0.962177    0.868814    0.960414
     2.2    -1.54647     1.41274    0.785893     4.28659
    2.21    -1.53005     1.71691    0.758593     24.8533
    2.22    -1.51714     1.55569    0.755682     7.24022
    2.23    -1.50014     1.67309    0.734088     10.1341
    2.24    -1.48077     1.87929     0.70215     19.0195
    2.25    -1.46499      1.9226    0.685057      19.046
    2.26     -1.4384     2.11473    0.611753     59.6874
    2.27     -1.4174     2.38178    0.559975     95.5798
    2.28    -1.39173     2.33968    0.469677     135.907
    2.29    -1.36338     2.39124    0.352803     150.956
     2.3    -1.34878     2.13082    0.338058     158.368
    2.31    -1.32739     1.77351    0.263564      95.544
    2.32    -1.30897     1.67253    0.215003     94.8487
    2.33    -1.29499     1.53151    0.175864     76.3894
    2.34    -1.27881     1.42616    0.164899     60.4164
    2.35    -1.26542     1.32615    0.146536     43.7409
    2.36     -1.2524     1.30465    0.130567     38.9665
    2.37    -1.23909      1.2225    0.116251     30.4638
    2.38    -1.22659     1.17322    0.111096     26.5121
    2.39    -1.21561     1.16644    0.114414     28.4458
     2.4    -1.20387     1.12631    0.102389     22.5459
     2.5    -1.10672    0.849214   0.0629017     8.68873
     2.6    -1.02814    0.710344   0.0483677     5.02723
     2.7   -0.963772    0.595335   0.0404383      3.4339
     2.8   -0.908211     0.51923   0.0339036     2.28771
     2.9   -0.859974    0.452596   0.0298565     1.74589
       3    -0.81708    0.402037   0.0268744     1.37651
