       1    -1.99719   0.0229832    0.999284  0.00154262
     1.1    -1.99399    0.041756    0.998452  0.00319369
     1.2     -1.9886   0.0673142    0.997027  0.00590786
     1.3    -1.98024    0.100817    0.994763   0.0101604
     1.4    -1.96816    0.144742    0.991408   0.0169178
     1.5     -1.9513    0.196369    0.986561   0.0270976
     1.6    -1.92814     0.26455    0.979599   0.0434597
     1.7    -1.89848    0.336136    0.970203   0.0673725
     1.8    -1.85943     0.43747    0.956952    0.111855
     1.9    -1.80942    0.563655     0.93832    0.194272
       2    -1.74607    0.726326    0.911369    0.399505
     2.1    -1.66363    0.939403    0.870552    0.822628
     2.2     -1.5448      1.5238    0.777161     7.75777
    2.21    -1.53346     1.47081     0.77218      5.7004
    2.22    -1.51621     1.61048    0.750587     8.85686
    2.23    -1.49783     1.75998    0.725349     13.3224
    2.24    -1.48165     1.78936    0.708689      13.345
    2.25    -1.47006     1.74841    0.702539     11.6447
    2.26    -1.44778     1.91978    0.666068     18.1028
    2.27    -1.43233     1.84017    0.647006     18.0207
    2.28    -1.41239      2.0126    0.612791     23.0481
    2.29    -1.38627     2.00904    0.561684     27.5285
     2.3    -1.36886     2.02483    0.533644     29.3215
    2.31    -1.34684     1.93316    0.488284     30.6812
    2.32    -1.33319      1.8897    0.467723     30.9714
    2.33    -1.31441     1.81517     0.44432     28.8883
    2.34    -1.29096     1.69108    0.384539     28.8262
    2.35    -1.27433     1.59841    0.351807     27.8978
    2.36    -1.26015     1.49295    0.325702     26.5858
    2.37    -1.24567     1.37685    0.305967     24.2556
    2.38    -1.23293     1.35063    0.290376     22.1563
    2.39    -1.22063     1.28878    0.278405     20.5423
     2.4    -1.20807     1.21942    0.257205     19.7194
     2.5    -1.10621    0.854821    0.161749     8.56532
     2.6    -1.02767    0.714223    0.117459     4.84003
     2.7   -0.963372    0.601774   0.0968855     3.12378
     2.8   -0.907532    0.518373    0.085495     2.32256
     2.9   -0.860079    0.449535   0.0750365      1.7515
       3   -0.817436    0.403492   0.0675067     1.36869
