     2.2    -1.54629     1.36582    0.784601     4.51332
    2.21    -1.53051     1.57834    0.764379      9.3878
    2.22    -1.51832     1.60391    0.757128     8.32184
    2.23    -1.49905     1.75533     0.73052     14.2963
    2.24    -1.48236     2.03176    0.697516       725.9
    2.25    -1.46551     1.85934    0.687693     20.2458
    2.26    -1.43874     2.37475    0.606258     1287.54
    2.27    -1.41966     2.36572    0.574175     873.093
    2.28    -1.39006     2.52946    0.444047     652.356
    2.29    -1.36803     2.17477    0.385259     605.466
     2.3    -1.34752     2.13275    0.302915     555.139
    2.31    -1.32865     1.90871    0.285159       453.9
    2.32    -1.31201     1.76782    0.245026     362.556
    2.33    -1.29336     1.53479    0.194221     236.391
    2.34    -1.27923     1.39185    0.158918     162.606
    2.35    -1.26529     1.34765    0.145289     138.425
