       1    -1.99717   0.0233453    0.999277  0.00156723
     1.1    -1.99396   0.0418503    0.998444  0.00320568
     1.2    -1.98858   0.0675084    0.997023  0.00590611
     1.3    -1.98023    0.101112    0.994763   0.0101992
     1.4    -1.96807    0.142962    0.991383    0.016665
     1.5    -1.95111    0.200586    0.986495   0.0275954
     1.6     -1.9281    0.263049    0.979573   0.0433371
     1.7    -1.89828    0.340563    0.970112   0.0687216
     1.8    -1.85927    0.440648    0.956859    0.113806
     1.9    -1.80974    0.560681    0.938459    0.193432
       2    -1.74557    0.719557    0.911361    0.376066
     2.1    -1.66258    0.951299    0.869561    0.868899
     2.2    -1.54514     1.47656    0.780933     5.96298
    2.21    -1.53276     1.45748    0.774063     5.04006
    2.22    -1.51795     1.52547    0.759093     5.37259
    2.23    -1.50134     1.66001    0.737555     9.64618
    2.24     -1.4834     1.75603    0.715368     11.7047
    2.25    -1.46422     1.92499    0.683094     23.3232
    2.26    -1.44185     1.99116    0.639661     32.4615
    2.27    -1.42613     2.13804     0.61528      37.169
    2.28    -1.40326     2.08969    0.568355     44.3845
    2.29    -1.38292     2.12143     0.52404     52.2522
     2.3    -1.35277     2.17794    0.423622     71.5011
    2.31    -1.34004     1.98775    0.417693      59.149
    2.32    -1.31112     1.64811    0.314671     51.3094
    2.33    -1.29651     1.65082    0.299323     51.4187
    2.34    -1.28519     1.60558    0.277677     50.6482
    2.35    -1.26931     1.53562    0.265924     43.8978
    2.36    -1.25591     1.40362    0.247017     36.3705
    2.37    -1.23925     1.26217    0.198875     28.3912
    2.38    -1.23071     1.28638    0.216335     31.6995
    2.39    -1.21615     1.17127    0.179839      26.015
     2.4    -1.20462     1.13538    0.176559     23.4992
     2.5    -1.10563    0.861445    0.102879     8.19738
     2.6    -1.02888    0.716116   0.0796856      5.0833
     2.7   -0.963736    0.596957   0.0652298     3.20314
     2.8   -0.908026     0.51225   0.0564433     2.31538
     2.9   -0.860016    0.448277   0.0495655     1.72673
       3   -0.817226    0.397934   0.0455187     1.41581
