       1    -1.99715   0.0219703    0.999274  0.00133618
     1.1    -1.99397   0.0411184    0.998446  0.00315783
     1.2    -1.98862   0.0671128    0.997033  0.00580828
     1.3    -1.98027    0.100575    0.994775   0.0100873
     1.4    -1.96809    0.142874    0.991385   0.0166123
     1.5    -1.95113    0.196541      0.9865   0.0269853
     1.6    -1.92828    0.260183    0.979636   0.0428114
     1.7    -1.89822    0.341211    0.970089   0.0691473
     1.8    -1.85924    0.435534    0.956821    0.113391
     1.9    -1.80956    0.558594    0.938327    0.198898
       2    -1.74546    0.719312    0.911258    0.380068
     2.1    -1.66223    0.974084    0.868716     1.00479
     2.2    -1.54611     1.40487    0.784351     4.39444
    2.21    -1.53189     1.46851    0.770593     5.74714
    2.22    -1.51613     1.59013    0.753086     8.40196
    2.23    -1.50145      1.6934    0.737069     11.4744
    2.24    -1.48196     1.82145     0.70765     20.6997
    2.25    -1.46507      1.9141    0.684738     22.3713
    2.26    -1.44454     2.04843    0.650205     28.6046
    2.27    -1.41102     2.77855    0.468315     338.638
    2.28    -1.38838     2.36429    0.403508     256.412
    2.29    -1.36856     2.42031    0.368049     257.465
     2.3    -1.34801     2.03795    0.296319     223.403
    2.31     -1.3232     1.67855    0.153153     119.321
    2.32      -1.308     1.55925    0.146913     85.3083
    2.33    -1.29491     1.48334    0.145434     103.496
    2.34    -1.28086     1.48071    0.131548     67.8703
    2.35    -1.26654     1.35259    0.123044     59.2275
    2.36    -1.25237     1.24709   0.0857749     37.0164
    2.37    -1.23959     1.25828   0.0944523     45.5654
    2.38    -1.22677     1.18733   0.0825893     35.3665
    2.39    -1.21579     1.17841   0.0770156     29.9683
     2.4    -1.20326     1.09515   0.0680524     21.4339
     2.5    -1.10632     0.85781   0.0441966     8.67392
     2.6    -1.02793    0.703155   0.0342779     5.09739
     2.7   -0.963571    0.597406    0.028245     3.35842
     2.8   -0.908207    0.509049   0.0242863     2.31417
     2.9    -0.85995    0.456165   0.0215564     1.81558
       3   -0.817539     0.40362   0.0196363     1.42193
