       1    -1.99715   0.0232805    0.999274  0.00156462
     1.1    -1.99399   0.0414066    0.998451  0.00317352
     1.2    -1.98861   0.0668388     0.99703  0.00585843
     1.3    -1.98028    0.101564    0.994776   0.0102336
     1.4    -1.96809    0.143677    0.991385   0.0167893
     1.5    -1.95116    0.196058    0.986513   0.0268615
     1.6    -1.92815    0.262139    0.979597   0.0431229
     1.7    -1.89809    0.343757    0.970046   0.0696284
     1.8    -1.85938    0.438949    0.956899    0.112995
     1.9    -1.80941    0.562119     0.93828    0.199599
       2    -1.74559    0.719909    0.911317    0.389098
     2.1    -1.66218    0.950755    0.868812     0.91545
     2.2    -1.54712     1.37035    0.787105     3.77694
    2.21    -1.53222     1.46179    0.771889     5.29986
    2.22    -1.51805     1.58107    0.757149     7.32779
    2.23    -1.50169     1.64932    0.738366     8.95068
    2.24    -1.48299     1.84677    0.709647     18.2088
    2.25    -1.46585     1.97541     0.68526     24.0274
    2.26    -1.44563     1.95016    0.657093     22.6435
    2.27     -1.4186     2.54057    0.562335     92.7954
    2.28    -1.39612     2.41345      0.5179     83.8027
    2.29    -1.36878     2.30109    0.414917     115.948
     2.3    -1.34688     1.96665    0.358089     98.2887
    2.31    -1.33483      1.9389    0.350062     93.0323
    2.32    -1.31206      1.7661    0.274865     81.8411
    2.33     -1.2974       1.626    0.266167     69.8506
    2.34    -1.27979     1.48895    0.206846     55.5863
    2.35    -1.26436     1.35536    0.172959     39.3042
    2.36    -1.25336     1.33732    0.169933      39.374
    2.37    -1.23985     1.21477    0.144882     32.1849
    2.38    -1.22688     1.21314    0.141959     28.4676
    2.39     -1.2148     1.15136    0.138389     26.8224
     2.4     -1.2041      1.1578    0.124397     23.4514
     2.5    -1.10619    0.873776   0.0796148     8.93392
     2.6    -1.02827    0.694143   0.0615302     5.27033
     2.7   -0.963744    0.593934    0.048389     3.07884
     2.8   -0.908068    0.518957    0.042015     2.36007
     2.9   -0.859881    0.446318   0.0375409     1.79333
       3   -0.817217    0.402853   0.0339139     1.36818
