       1     -1.9972   0.0230419    0.999284  0.00155099
     1.1    -1.99397   0.0417292     0.99845    0.003174
     1.2    -1.98863   0.0669939    0.997035  0.00586515
     1.3    -1.98033    0.101154    0.994791   0.0101498
     1.4    -1.96826    0.142372    0.991428   0.0166669
     1.5    -1.95108    0.198934    0.986475   0.0276873
     1.6    -1.92803    0.263101    0.979529    0.043641
     1.7     -1.8983    0.341923    0.970139   0.0686007
     1.8    -1.85958    0.439308    0.956949    0.112769
     1.9    -1.80907    0.567664    0.938229    0.195036
       2    -1.74724    0.707511    0.912567    0.351313
     2.1    -1.66295     0.95737    0.870271    0.834598
    2.11    -1.65277     1.00926    0.863305      1.0729
    2.12    -1.64509     1.01536    0.859533     1.06021
    2.13    -1.63152     1.06742    0.849172     1.47577
    2.14    -1.62361     1.05463    0.847471     1.22303
    2.15    -1.61014     1.15658     0.83534     1.81986
    2.16    -1.60162     1.13561    0.831261     1.83033
    2.17     -1.5844     1.21187    0.817613      2.0428
    2.18     -1.5733     1.24653    0.809667     2.40838
    2.19    -1.56085     1.31291    0.798993     2.86327
     2.2    -1.54343     1.36795    0.783182     3.42148
    2.21    -1.53559     1.39264     0.77762     3.55321
    2.22    -1.52323     1.41736    0.770151     3.57613
    2.23    -1.50552     1.44601    0.753505     4.06846
    2.24    -1.48511     1.56282    0.727578     5.69908
    2.25    -1.46757     1.63468    0.708767      6.3353
    2.26    -1.45714     1.67442    0.701348      6.3312
    2.27    -1.44351     1.60452     0.69073     6.29326
    2.28    -1.42603     1.62551    0.670059     6.81616
    2.29    -1.41531     1.62236    0.665502     6.56333
     2.3    -1.39316     1.68163     0.63716     7.49868
    2.31    -1.37785     1.67985    0.615182     8.37555
    2.32    -1.35999     1.66418    0.600356      8.1241
    2.33    -1.33841     1.61978    0.570774     8.70591
    2.34     -1.3268     1.59221    0.560594     8.77804
    2.35    -1.31397     1.62954    0.544994     9.18796
    2.36     -1.2992     1.53958    0.534372     8.55582
    2.37    -1.28843     1.51216    0.523306     8.60334
    2.38    -1.26987     1.49944    0.493966     8.89895
    2.39    -1.25046     1.49922    0.470498     9.03698
     2.4    -1.23642     1.40715    0.452194     8.96377
     2.5    -1.12006    0.998879    0.322192     6.59959
     2.6    -1.03039    0.741012    0.238522     4.32052
     2.7   -0.964625    0.600551    0.200414     2.93087
     2.8   -0.909535     0.51847    0.171697     2.26403
     2.9   -0.860092    0.447773    0.150448     1.70837
       3   -0.817488    0.399266    0.136196     1.34782
